4.444706200688294
ID:4.444706200688294
Name:Harish
Mobile no:+956244
Hindi:56
English: 45
MATH: 85
SCIENCE: 65
SST: 48
